
LOSSES REPORT

Power Delivery Element Loss Report

Element                  kW Losses    % of Power   kvar Losses

"Line.EXT"                      7.32025,     0.12     70.9622
"Transformer.T2"               18.01014,     0.29     284.71
"Line.OH_10559391"              0.00012,      0.0     0.000125291
"Line.OH_10558483"              0.00015,      0.0     0.000156335
"Line.OH_10549227"              0.06131,     0.00     0.309768
"Line.OH_10548919"              2.03902,     0.04     5.63141
"Line.OH_34092313"              0.00068,      0.0     0.00027411
"Line.OH_34085491"              0.00420,     0.00     0.0185751
"Line.UG_34054972"              0.00049,      0.0     8.69091E-005
"Line.OH_10579832"              0.00000,      0.0     2.76828E-006
"Line.OH_10559275"              0.01633,     0.01     0.0165524
"Line.OH_10558475"              0.00000,      0.0     -1.27055E-024
"Line.OH_10549221"              0.06145,     0.00     0.31018
"Line.OH_10548913"              3.49099,     0.06     9.61748
"Line.OH_34091314"              0.00004,      0.0     3.723E-005
"Line.OH_34085468"              0.02821,     0.06     0.0113911
"Line.UG_34054966"              0.00000,      0.0     0
"Line.OH_10558958"              0.01773,     0.01     0.00695682
"Line.OH_10557182"              0.72289,     0.01     3.65346
"Line.OH_10549020"              0.00205,     0.01     0.000802407
"Line.OH_10548907"              0.02567,     0.01     0.0219986
"Line.OH_34090005"              0.00326,     0.00     0.00427497
"Line.OH_34085372"              0.00023,      0.0     0.000228184
"Line.UG_34054542"              0.00000,      0.0     0
"Line.OH_10579447"              0.02386,     0.00     0.00923155
"Line.OH_10558583"              0.00000,      0.0     0
"Line.OH_10555985"              0.00075,      0.0     0.000293561
"Line.OH_10549010"              0.00000,      0.0     1.28741E-005
"Line.OH_10548007"              0.05393,     0.01     0.0877628
"Line.OH_34087255"              0.08472,     0.01     0.0330429
"Line.OH_34085341"              0.00279,     0.00     0.00466145
"Line.OH_20437313"              0.01121,     0.02     0.00452825
"Line.OH_10579118"              0.04924,     0.04     0.0198861
"Line.OH_10558577"              0.00863,     0.01     0.00348615
"Line.OH_10549426"              0.00003,      0.0     3.09921E-005
"Line.OH_10548988"              0.00216,     0.00     0.00218787
"Line.OH_10543795"              0.14113,     0.01     0.225687
"Line.OH_34086801"              0.00014,      0.0     0.000145574
"Line.OH_34085286"              0.00695,     0.00     0.0349637
"Line.OH_20396847"              0.00000,      0.0     4.34973E-006
"Line.OH_10574854"              0.00002,      0.0     1.69816E-005
"Line.OH_10558570"              0.00000,      0.0     -6.61744E-027
"Line.OH_10549307"              0.00125,     0.00     0.000505092
"Line.OH_10548982"              0.00062,      0.0     0.000627007
"Line.OH_10540779"              0.02254,     0.00     0.0360397
"Line.OH_40152453"              0.00000,      0.0     6.32163E-007
"Line.OH_34086794"              0.00022,      0.0     0.000218764
"Line.OH_34085048"              0.00007,      0.0     7.03427E-005
"Line.OH_20350796"              0.00041,      0.0     0.000417209
"Line.OH_10573492"              0.00040,      0.0     0.000407402
"Line.OH_10558564"              0.00001,      0.0     9.87649E-006
"Line.OH_10549291"              0.00002,      0.0     2.35433E-005
"Line.OH_10548968"              0.00004,      0.0     4.34678E-005
"Line.OH_10532911"              0.00049,      0.0     0.000500171
"Line.OH_34097398"              0.02440,     0.02     0.00957303
"Line.OH_34086403"              0.01216,     0.00     0.0542637
"Line.OH_34085042"              0.02116,     0.02     0.00854529
"Line.UG_20344333"              0.00430,     0.01     0.000758836
"Line.OH_10560618"              0.00011,      0.0     0.000115622
"Line.OH_10558558"              0.00002,      0.0     1.92676E-005
"Line.OH_10549285"              0.00011,      0.0     0.000115948
"Line.OH_10548960"              0.00000,      0.0     3.29587E-006
"Line.OH_10526890"              0.00045,      0.0     0.000438558
"Line.OH_34097392"              0.00040,      0.0     0.000162438
"Line.OH_34086382"              0.00037,      0.0     0.00037803
"Line.OH_34085036"              0.02352,     0.01     0.0450396
"Line.OH_20251419"              0.00007,      0.0     6.77052E-005
"Line.OH_10560337"              0.00002,      0.0     1.53957E-005
"Line.OH_10558551"              0.00031,      0.0     0.000316026
"Line.OH_10549274"              0.02482,     0.01     0.0450181
"Line.OH_10548952"              0.00002,      0.0     2.25878E-005
"Line.OH_10524061"              0.00049,      0.0     0.00049963
"Line.OH_34096115"              0.04655,     0.01     0.222027
"Line.OH_34086318"              0.07432,     0.00     0.0288765
"Line.OH_34084954"              0.00051,      0.0     0.000521173
"Line.OH_20079698"              0.00111,     0.00     0.00108041
"Line.OH_10559617"              0.00662,     0.01     0.00267552
"Line.OH_10558545"              0.00001,      0.0     6.64863E-006
"Line.OH_10549263"              0.00001,      0.0     1.11502E-005
"Line.OH_10548946"              0.00004,      0.0     5.12745E-005
"Line.OH_34095665"              0.00098,     0.00     0.000393825
"Line.OH_34086306"              0.08368,     0.03     0.0328281
"Line.OH_34084664"              0.00462,     0.01     0.00186491
"Line.OH_20014991"              0.01014,     0.00     0.00994592
"Line.OH_10559587"              0.00532,     0.01     0.00539141
"Line.OH_10558525"              0.00046,      0.0     0.000443576
"Line.OH_10549255"              0.04538,     0.05     0.0183276
"Line.OH_10548940"              0.00170,     0.01     0.00171967
"Line.OH_34095659"              0.00472,     0.00     0.0216257
"Line.OH_34086300"              0.00000,      0.0     4.27315E-006
"Line.OH_34084601"              0.00420,     0.00     0.00542765
"Line.OH_10580378"              0.00001,      0.0     1.50155E-005
"Line.OH_10559515"              0.00840,     0.01     0.00329332
"Line.OH_10558518"              0.01596,     0.00     0.0711959
"Line.OH_10549248"              0.00002,      0.0     2.14528E-005
"Line.OH_10548933"              0.00163,     0.00     0.00159952
"Line.OH_34095649"              0.00002,      0.0     2.28154E-005
"Line.OH_34086016"              0.00502,     0.01     0.00202652
"Line.UG_34057797"              0.00146,     0.00     0.000258444
"Line.UG_10579978"              0.00007,      0.0     1.29856E-005
"Line.OH_10559400"              0.00003,      0.0     3.33126E-005
"Line.OH_10558511"              0.05464,     0.01     0.262265
"Line.OH_10549241"              0.00004,      0.0     4.37767E-005
"Line.OH_10548927"              0.00069,      0.0     0.00120002
"Line.OH_34095590"              0.01530,     0.01     0.0131242
"Line.OH_34086007"              0.00817,     0.01     0.00320459
"Line.UG_34054979"              0.00106,     0.00     0.000187489
"Line.OH_10579844"              0.00002,      0.0     1.61272E-005
"Line.OH_10559392"              0.08520,     0.04     0.0334232
"Line.OH_10558484"              0.00001,      0.0     1.50217E-005
"Line.OH_10549228"              0.22893,     0.01     1.15634
"Line.OH_10548920"              2.98373,     0.06     8.24251
"Line.OH_34095281"              0.00104,     0.00     0.00105144
"Line.OH_34085492"              0.06497,     0.01     0.10592
"Line.UG_34054973"              0.00285,     0.01     0.000503558
"Line.OH_10579833"              0.00002,      0.0     2.12922E-005
"Line.OH_10559385"              0.00008,      0.0     7.85689E-005
"Line.OH_10558476"              0.00000,      0.0     -3.17637E-025
"Line.OH_10549222"              0.04303,     0.00     0.217275
"Line.OH_10548914"              1.89543,     0.03     5.2222
"Line.OH_34091315"              0.00001,      0.0     6.62609E-006
"Line.OH_34085479"              0.17338,     0.01     0.272983
"Line.UG_34054967"              0.00000,      0.0     0
"Line.OH_10559040"              0.17703,     0.06     0.0694471
"Line.OH_10557802"              1.38113,     0.02     6.97985
"Line.OH_10548908"              0.00047,      0.0     0.000409469
"Line.OH_34090007"              0.00047,      0.0     0.000460715
"Line.OH_34085401"              0.00073,      0.0     0.0014231
"Line.UG_34054927"              0.00133,     0.00     0.000235358
"Line.OH_10579827"              0.00001,      0.0     1.16059E-005
"Line.OH_10558584"              0.00000,      0.0     0
"Line.OH_10556735"              0.00068,      0.0     0.000689333
"Line.OH_10549011"              0.00014,      0.0     0.000618134
"Line.OH_10548901"              0.00421,     0.00     0.00547466
"Line.OH_34087256"              0.60690,     0.05     0.234873
"Line.OH_34085342"              0.00014,      0.0     0.000139156
"Line.OH_20437314"              0.00004,      0.0     3.88163E-005
"Line.OH_10579185"              0.00016,      0.0     0.000161369
"Line.OH_10558578"              0.00013,      0.0     0.000129027
"Line.OH_10549431"              0.00001,      0.0     1.01663E-005
"Line.OH_10548989"              0.00077,      0.0     0.000784246
"Line.OH_10544883"              0.11440,     0.01     0.186484
"Line.OH_34086802"              0.00006,      0.0     6.36802E-005
"Line.OH_34085311"              0.00633,     0.00     0.0101416
"Line.OH_20396849"              0.00001,      0.0     5.9913E-006
"Line.OH_10578709"              0.00174,     0.01     0.000700782
"Line.OH_10558571"              0.09551,     0.05     0.037468
"Line.OH_10549309"              0.01330,     0.02     0.00537205
"Line.OH_10548983"              0.00223,     0.00     0.00225813
"Line.OH_10541616"              0.03482,     0.03     0.0140635
"Line.OH_40154810"              0.00433,     0.01     0.00174902
"Line.OH_34086796"              0.60450,     0.06     0.233915
"Line.OH_34085260"              0.00062,      0.0     0.000252034
"Line.OH_20396671"              0.59216,     0.06     0.229137
"Line.OH_10573493"              0.00017,      0.0     0.00017017
"Line.OH_10558565"              0.00009,      0.0     9.03709E-005
"Line.OH_10549292"              0.03250,     0.00     0.053046
"Line.OH_10548976"              0.00000,      0.0     2.58434E-006
"Line.OH_10536946"              0.07470,     0.01     0.028906
"Line.OH_40013213"              0.00000,      0.0     1.05879E-025
"Line.OH_34086404"              0.00073,      0.0     0.000296211
"Line.OH_34085043"              0.00126,     0.01     0.000509198
"Line.UG_20344334"              0.00000,      0.0     0
"Line.OH_10561915"              0.00002,      0.0     2.0236E-005
"Line.OH_10558559"              0.00013,      0.0     0.00012932
"Line.OH_10549286"              0.00012,      0.0     0.000124281
"Line.OH_10548961"              0.00004,      0.0     4.03459E-005
"Line.OH_10528321"              0.00010,      0.0     0.000101299
"Line.OH_34097393"              0.00005,      0.0     2.12889E-005
"Line.OH_34086383"              0.00006,      0.0     5.74791E-005
"Line.OH_34085037"              0.00790,     0.00     0.0151207
"Line.OH_20344324"              0.73386,     0.07     0.283973
"Line.OH_10560338"              0.00031,      0.0     0.000318291
"Line.OH_10558552"              0.00000,      0.0     -1.32349E-026
"Line.OH_10549276"              0.01648,     0.00     0.0306206
"Line.OH_10548953"              0.00021,      0.0     0.000213215
"Line.OH_10524153"              0.00012,      0.0     0.000122251
"Line.OH_34096116"              0.00251,     0.00     0.0120606
"Line.OH_34086319"              0.00007,      0.0     7.31037E-005
"Line.OH_34084955"              0.00297,     0.00     0.00484026
"Line.OH_20079699"              0.00392,     0.00     0.00381113
"Line.OH_10559735"              0.58382,     0.02     2.91975
"Line.OH_10558546"              0.00005,      0.0     5.14688E-005
"Line.OH_10549264"              0.00010,      0.0     0.000103885
"Line.OH_10548947"              0.00002,      0.0     2.17468E-005
"Line.OH_34095666"              0.00106,     0.00     0.000427813
"Line.OH_34086307"              0.13375,     0.06     0.0524711
"Line.OH_34084665"              0.00293,     0.01     0.00118431
"Line.OH_20014992"              0.00002,      0.0     2.4929E-005
"Line.OH_10559588"              0.00029,      0.0     0.000295264
"Line.OH_10558540"              0.00000,      0.0     -1.05879E-025
"Line.OH_10549258"              0.00032,      0.0     0.000328597
"Line.OH_10548941"              0.00007,      0.0     6.87459E-005
"Line.OH_34095660"              0.00020,      0.0     0.000909186
"Line.OH_34086301"              0.07400,     0.05     0.0290308
"Line.OH_34084602"              0.00975,     0.01     0.0116517
"Line.OH_10580818"              1.02350,     0.02     5.17223
"Line.OH_10559537"              0.00490,     0.00     0.00192343
"Line.OH_10558520"              0.03575,     0.01     0.157057
"Line.OH_10549249"              0.00003,      0.0     2.61954E-005
"Line.OH_10548934"              0.00114,     0.00     0.0011185
"Line.OH_34095650"              0.00279,     0.00     0.00112553
"Line.OH_34086017"              0.00023,      0.0     9.28719E-005
"Line.UG_34057798"              0.00247,     0.00     0.000435288
"Line.UG_10580150"              0.22042,     0.05     0.0648284
"Line.OH_10559407"              0.00045,      0.0     0.000453094
"Line.OH_10558513"              0.05213,     0.01     0.248575
"Line.OH_10549243"              0.00097,     0.00     0.000381964
"Line.OH_10548928"              0.00000,      0.0     -5.29396E-026
"Line.OH_34095591"              0.01123,     0.01     0.00975391
"Line.OH_34086008"              0.26686,     0.01     1.33459
"Line.UG_34054980"              0.00251,     0.01     0.000443527
"Line.OH_10579845"              0.00001,      0.0     1.23396E-005
"Line.OH_10559393"              0.04564,     0.03     0.0179061
"Line.UG_10558494"              0.00000,      0.0     -2.11758E-025
"Line.OH_10549229"              0.16070,     0.01     0.810934
"Line.OH_10548921"              1.01607,     0.02     2.80688
"Line.OH_34085493"              0.09036,     0.01     0.14804
"Line.UG_34054974"              0.00230,     0.01     0.000405829
"Line.OH_10579834"              0.00000,      0.0     2.05547E-006
"Line.OH_10559386"              0.00045,      0.0     0.00045601
"Line.OH_10558477"              0.00001,      0.0     1.04524E-005
"Line.OH_10549223"              0.11142,     0.01     0.562072
"Line.OH_10548915"              3.26625,     0.06     9.01894
"Line.OH_34091439"              0.00012,      0.0     4.83602E-005
"Line.OH_34085480"              0.00898,     0.00     0.00778693
"Line.UG_34054968"              0.00000,      0.0     0
"Line.OH_10559057"              0.22691,     0.08     0.0890151
"Line.OH_10558215"              0.00008,      0.0     8.47933E-005
"Line.OH_10549216"              0.00011,      0.0     0.00048077
"Line.OH_10548909"              0.00996,     0.01     0.00857284
"Line.OH_34090031"              0.00051,      0.0     0.000669354
"Line.OH_34085402"              5.12100,     0.10     14.1458
"Line.UG_34054962"              0.00316,     0.01     0.000556882
"Line.OH_10579828"              0.00003,      0.0     2.67183E-005
"Line.OH_10558585"              0.00003,      0.0     3.23431E-005
"Line.OH_10556736"              0.00014,      0.0     0.000138204
"Line.OH_10549013"              0.00009,      0.0     9.58542E-005
"Line.OH_10548902"              0.00285,     0.00     0.00341021
"Line.OH_34090000"              0.00001,      0.0     9.34038E-006
"Line.OH_34085350"              0.00025,      0.0     0.000242187
"Line.OH_20456673"              0.00578,     0.01     0.00233263
"Line.OH_10579196"              0.00000,      0.0     3.14959E-006
"Line.OH_10558579"              0.00003,      0.0     2.72643E-005
"Line.OH_10549433"              0.05284,     0.03     0.0213413
"Line.OH_10548992"              0.00022,      0.0     0.000224082
"Line.OH_10545431"              0.09454,     0.01     0.154646
"Line.OH_34086805"              0.00090,     0.01     0.000364229
"Line.OH_34085312"              0.00130,     0.00     0.00244041
"Line.OH_20409718"              0.00000,      0.0     1.11443E-006
"Line.OH_10579019"              0.03798,     0.01     0.0703167
"Line.OH_10558572"              0.00748,     0.00     0.00293491
"Line.OH_10549310"              0.00017,      0.0     0.000173161
"Line.OH_10548984"              0.00002,      0.0     1.60902E-005
"Line.OH_10542098"              0.00229,     0.00     0.0102978
"Line.OH_40156534"              0.00000,      0.0     1.62028E-007
"Line.OH_34086797"              0.10609,     0.01     0.0412952
"Line.OH_34085261"              0.00009,      0.0     3.46438E-005
"Line.OH_20396672"              0.00018,      0.0     0.000170517
"Line.OH_10573495"              0.00011,      0.0     0.000114709
"Line.OH_10558566"              0.00023,      0.0     0.00023602
"Line.OH_10549293"              0.03691,     0.01     0.0603807
"Line.OH_10548977"              0.00004,      0.0     4.29229E-005
"Line.OH_10539784"              0.00000,      0.0     2.10489E-006
"Line.OH_40013232"              0.00000,      0.0     -2.64698E-026
"Line.OH_34086405"              0.00001,      0.0     1.32113E-005
"Line.OH_34085044"              0.00091,     0.00     0.000368475
"Line.UG_20344367"              0.00000,      0.0     0
"Line.UG_10571603"              0.00023,      0.0     4.07496E-005
"Line.OH_10558560"              0.03343,     0.00     0.159427
"Line.OH_10549287"              0.00006,      0.0     6.00902E-005
"Line.OH_10548962"              0.00041,      0.0     0.000413756
"Line.OH_10529606"              0.00063,      0.0     0.00063529
"Line.OH_34097394"              0.00051,      0.0     0.000199858
"Line.OH_34086384"              0.00025,      0.0     0.000249731
"Line.OH_34085038"              0.00371,     0.00     0.00728459
"Line.OH_20344325"              0.01087,     0.00     0.0119342
"Line.OH_10560401"              0.00020,      0.0     8.03017E-005
"Line.OH_10558553"              0.00019,      0.0     0.00018908
"Line.OH_10549278"              0.02243,     0.01     0.0427488
"Line.OH_10548954"              0.00000,      0.0     2.23993E-006
"Line.OH_10524870"              0.00001,      0.0     6.53115E-006
"Line.OH_34096667"              0.00049,      0.0     0.000497821
"Line.OH_34086320"              0.00001,      0.0     8.73145E-006
"Line.OH_34084956"              0.00013,      0.0     0.000128488
"Line.OH_20114727"              0.00028,      0.0     0.000273465
"Line.OH_10559783"              0.04668,     0.03     0.0188518
"Line.OH_10558547"              0.00017,      0.0     0.000171048
"Line.OH_10549265"              0.00104,     0.00     0.00105017
"Line.OH_10548948"              0.00000,      0.0     7.22032E-010
"Line.OH_10522508"              0.00685,     0.01     0.00276713
"Line.OH_34095667"              0.00640,     0.01     0.00258424
"Line.OH_34086308"              0.04603,     0.03     0.0180588
"Line.OH_34084666"              0.00838,     0.01     0.00338435
"Line.OH_20028683"              1.22168,     0.09     0.477921
"Line.OH_10559589"              0.00022,      0.0     0.000227661
"Line.OH_10558541"              0.00000,      0.0     -2.64698E-026
"Line.OH_10549259"              0.00013,      0.0     0.000134238
"Line.OH_10548942"              0.00001,      0.0     7.72487E-006
"Line.OH_34095661"              0.10424,     0.01     0.167092
"Line.OH_34086302"              0.00163,     0.00     0.000638
"Line.OH_34084616"              0.00681,     0.00     0.0059638
"Line.OH_10559558"              0.04147,     0.03     0.0162696
"Line.OH_10558521"              0.00887,     0.00     0.0389429
"Line.OH_10549250"              0.00007,      0.0     6.60453E-005
"Line.OH_10548935"              0.00000,      0.0     1.69574E-007
"Line.OH_34095651"              2.88469,     0.05     7.94902
"Line.OH_34086018"              0.00003,      0.0     3.19576E-005
"Line.UG_34057799"              0.00000,      0.0     0
"Line.OH_10580155"              0.05742,     0.01     0.0557551
"Line.OH_10559451"              0.00321,     0.00     0.00324987
"Line.OH_10558514"              0.17056,     0.02     0.809476
"Line.OH_10549244"              0.00017,      0.0     6.63593E-005
"Line.OH_10548929"              0.00003,      0.0     4.33535E-005
"Line.OH_34095592"              0.00004,      0.0     6.82719E-005
"Line.OH_34086010"              0.06582,     0.00     0.331217
"Line.UG_34054992"              0.00654,     0.01     0.0011541
"Line.OH_10579847"              0.01493,     0.03     0.00603045
"Line.OH_10559394"              0.00027,      0.0     0.000271909
"Line.OH_10558506"              0.34858,     0.02     0.135234
"Line.OH_10549231"              0.00000,      0.0     2.26578E-010
"Line.OH_10548922"              0.96296,     0.02     2.6603
"Line.OH_34095580"              0.00024,      0.0     0.000244701
"Line.OH_34085951"              0.00074,      0.0     0.000746978
"Line.UG_34054975"              0.00512,     0.01     0.000903545
"Line.OH_10579840"              0.00010,      0.0     9.73633E-005
"Line.OH_10559387"              0.00004,      0.0     3.67449E-005
"Line.OH_10558478"              0.00000,      0.0     2.00987E-006
"Line.OH_10549224"              0.12012,     0.01     0.60439
"Line.OH_10548916"              2.03744,     0.04     5.62661
"Line.OH_34092154"              0.00015,      0.0     0.000151168
"Line.OH_34085488"              0.06622,     0.00     0.334368
"Line.UG_34054969"              0.00000,      0.0     0
"Line.OH_10559090"              0.14254,     0.05     0.0559171
"Line.OH_10558469"              0.28992,     0.02     0.112658
"Line.OH_10549217"              0.00405,     0.00     0.0179839
"Line.OH_10548910"              0.03601,     0.02     0.0310437
"Line.OH_34090083"              0.00096,     0.00     0.000369571
"Line.OH_34085442"              0.05413,     0.01     0.096606
"Line.UG_34054963"              0.00061,      0.0     0.00010766
"Line.OH_10579829"              0.00008,      0.0     7.63319E-005
"Line.OH_10558586"              0.00042,      0.0     0.000426833
"Line.OH_10556737"              0.00002,      0.0     1.67746E-005
"Line.OH_10549015"              0.00004,      0.0     4.55119E-005
"Line.OH_10548903"              0.00172,     0.00     0.0020503
"Line.OH_34090001"              0.00027,      0.0     0.000350806
"Line.OH_34085352"              2.38222,     0.05     6.57875
"Line.OH_20456674"              0.00003,      0.0     3.16025E-005
"Line.OH_10579231"              0.00010,      0.0     0.000105839
"Line.OH_10558580"              0.00022,      0.0     0.000226532
"Line.OH_10552942"              0.00002,      0.0     2.33038E-005
"Line.OH_10548993"              0.00001,      0.0     6.0995E-006
"Line.OH_10545502"              0.07756,     0.01     0.126626
"Line.OH_34086806"              0.00653,     0.02     0.00263562
"Line.OH_34085313"              0.00943,     0.00     0.0179452
"Line.OH_20409719"              0.00000,      0.0     0
"Line.OH_10579028"              0.00000,      0.0     -3.30872E-027
"Line.OH_10558573"              0.13496,     0.07     0.0529447
"Line.OH_10549311"              0.00069,      0.0     0.000700411
"Line.OH_10548985"              0.00013,      0.0     0.000131839
"Line.OH_10542105"              0.00457,     0.00     0.0208
"Line.UG_40156536"              0.00000,      0.0     4.67034E-007
"Line.OH_34086798"              0.01043,     0.01     0.0105737
"Line.OH_34085262"              0.00203,     0.01     0.000818615
"Line.OH_20396674"              0.00015,      0.0     0.000143238
"Line.OH_10573638"              5.36276,     0.09     27.1005
"Line.OH_10558567"              0.00010,      0.0     0.00010326
"Line.OH_10549294"              0.03677,     0.01     0.0600372
"Line.OH_10548979"              0.00229,     0.00     0.00301118
"Line.OH_10540312"              0.09250,     0.02     0.0357922
"Line.OH_40013233"              0.00000,      0.0     -4.23516E-025
"Line.OH_34086410"              0.00161,     0.00     0.00748279
"Line.OH_34085045"              0.00001,      0.0     5.56454E-006
"Line.UG_20344368"              0.00066,      0.0     0.00011618
"Line.OH_10572328"              0.00003,      0.0     3.24313E-005
"Line.OH_10558561"              0.00002,      0.0     1.66369E-005
"Line.OH_10549288"              0.00015,      0.0     5.98587E-005
"Line.OH_10548963"              0.00013,      0.0     0.000128691
"Line.OH_10529607"              0.00023,      0.0     0.000237532
"Line.OH_34097395"              0.00633,     0.02     0.00248427
"Line.OH_34086400"              0.12963,     0.06     0.0508511
"Line.OH_34085039"              0.00001,      0.0     1.50562E-005
"Line.OH_20344327"              0.00352,     0.00     0.00386047
"Line.OH_10560402"              0.00029,      0.0     0.000293972
"Line.OH_10558554"              0.00040,      0.0     0.000408379
"Line.OH_10549282"              0.01141,     0.01     0.0224077
"Line.OH_10548955"              0.00005,      0.0     1.88919E-005
"Line.OH_10524883"              0.00001,      0.0     6.72907E-006
"Line.OH_34096668"              0.00005,      0.0     5.05833E-005
"Line.OH_34086322"              0.00001,      0.0     1.16961E-005
"Line.OH_34084957"              0.05359,     0.01     0.0875515
"Line.UG_20114730"              0.00043,      0.0     0.000126678
"Line.OH_10559784"              0.07559,     0.03     0.0305294
"Line.OH_10558548"              0.00018,      0.0     0.000183917
"Line.OH_10549266"              0.00000,      0.0     1.57004E-006
"Line.OH_10548949"              0.00000,      0.0     3.22164E-010
"Line.OH_10522509"              0.00082,      0.0     0.000828624
"Line.OH_34095668"              0.00485,     0.01     0.00195728
"Line.OH_34086309"              0.09021,     0.05     0.0353903
"Line.OH_34084951"              0.00358,     0.00     0.00577463
"Line.OH_20028684"              0.00010,      0.0     0.000102625
"Line.OH_10559590"              0.00045,      0.0     0.000456524
"Line.OH_10558542"              0.00012,      0.0     0.000120038
"Line.OH_10549260"              0.00001,      0.0     5.21336E-006
"Line.OH_10548943"              0.00000,      0.0     0
"Line.OH_34095662"              0.07441,     0.01     0.120313
"Line.OH_34086303"              0.00088,      0.0     0.000355849
"Line.OH_34084661"              0.07819,     0.05     0.0315776
"Line.OH_10559560"              0.00000,      0.0     3.87403E-006
"Line.OH_10558522"              0.03969,     0.01     0.174367
"Line.OH_10549251"              0.00024,      0.0     0.000245029
"Line.OH_10548937"              0.00008,      0.0     7.85409E-005
"Line.OH_34095654"              0.00697,     0.00     0.00281363
"Line.OH_34086019"              0.00023,      0.0     9.25826E-005
"Line.OH_34084591"              0.00005,      0.0     5.97354E-005
"Line.OH_10580163"              0.00795,     0.00     0.00771632
"Line.OH_10559487"              0.00317,     0.00     0.00321807
"Line.OH_10558515"              0.01366,     0.00     0.0637981
"Line.OH_10549245"              0.00007,      0.0     6.90786E-005
"Line.OH_10548930"              0.00037,      0.0     0.000574986
"Line.OH_34095643"              0.00301,     0.00     0.00279333
"Line.OH_34086011"              0.00685,     0.02     0.00276778
"Line.UG_34055522"              0.00710,     0.01     0.00125302
"Line.OH_10579900"              1.12733,     0.02     5.69691
"Line.OH_10559396"              0.00030,      0.0     0.000299256
"Line.OH_10558507"              2.25044,     0.13     0.873068
"Line.OH_10549232"              0.00000,      0.0     1.40299E-009
"Line.OH_10548923"              0.29575,     0.01     1.47906
"Line.OH_34095581"              0.00130,     0.00     0.00131293
"Line.OH_34085952"              0.04979,     0.04     0.0201102
"Line.UG_34054976"              0.00157,     0.01     0.000277316
"Line.OH_10579841"              0.00014,      0.0     0.000139408
"Line.OH_10559389"              0.00003,      0.0     3.05812E-005
"Line.OH_10558481"              0.00000,      0.0     2.8169E-006
"Line.OH_10549225"              0.10984,     0.01     0.552902
"Line.OH_10548917"              9.54677,     0.18     26.3645
"Line.OH_34092234"              0.00230,     0.01     0.000930827
"Line.OH_34085489"              0.00446,     0.00     0.0225314
"Line.UG_34054970"              0.00000,      0.0     0
"Line.OH_10579830"              0.00001,      0.0     7.53041E-006
"Line.OH_10559182"              0.08283,     0.03     0.0324955
"Line.OH_10558471"              1.37863,     0.09     0.53668
"Line.OH_10549219"              0.00411,     0.00     0.0194972
"Line.OH_10548911"              0.11721,     0.00     0.323016
"Line.OH_34090086"              1.11684,     0.07     0.433409
"Line.OH_34085461"              0.00155,     0.01     0.000606166
"Line.UG_34054964"              0.00033,      0.0     5.74366E-005
"Line.OH_10556738"              0.00001,      0.0     1.13131E-005
"Line.OH_10549016"              0.00001,      0.0     1.06627E-005
"Line.OH_10548905"              0.01063,     0.00     0.0091497
"Line.OH_34090003"              1.38110,     0.02     3.80573
"Line.OH_34085370"              0.50556,     0.01     1.39313
"Line.OH_20494025"              0.00008,      0.0     7.80867E-005
"Line.OH_10579234"              0.00063,      0.0     0.000636332
"Line.OH_10558581"              0.00005,      0.0     5.55397E-005
"Line.OH_10553426"              0.02149,     0.01     0.0961944
"Line.OH_10548994"              0.00003,      0.0     2.94816E-005
"Line.OH_10545682"              0.00429,     0.00     0.00693284
"Line.OH_34086829"              0.72527,     0.06     0.280648
"Line.OH_34085321"              0.00087,      0.0     0.000351082
"Line.UG_20410383"              0.00000,      0.0     0
"Line.OH_10579069"              0.00096,     0.01     0.00038803
"Line.OH_10558575"              0.00003,      0.0     1.32328E-005
"Line.OH_10549312"              0.00029,      0.0     0.000289522
"Line.OH_10548986"              0.00000,      0.0     3.77318E-006
"Line.OH_10542412"              0.00004,      0.0     4.33955E-005
"Line.OH_34086799"              0.00007,      0.0     6.83643E-005
"Line.OH_34085263"              0.00621,     0.01     0.00250714
"Line.UG_20396677"              0.00044,      0.0     0.000128529
"Line.OH_10574852"              0.02263,     0.02     0.00887935
"Line.OH_10558568"              0.00021,      0.0     0.000216089
"Line.OH_10549295"              0.00144,     0.00     0.000579543
"Line.OH_10548980"              0.00058,      0.0     0.000762452
"Line.OH_10540313"              0.00039,      0.0     0.000152066
"Line.OH_40014844"              0.00204,     0.00     0.00977051
"Line.OH_34086413"              0.00012,      0.0     4.89137E-005
"Line.OH_34085046"              0.00023,      0.0     9.23746E-005
"Line.OH_20344371"              0.00004,      0.0     3.88801E-005
"Line.OH_10572565"              1.55608,     0.03     7.86419
"Line.OH_10558562"              0.00012,      0.0     0.00012009
"Line.OH_10549289"              0.00027,      0.0     0.00027564
"Line.OH_10548965"              0.03088,     0.01     0.0388049
"Line.OH_10529608"              0.00000,      0.0     1.42309E-006
"Line.OH_34097396"              0.00265,     0.00     0.0126657
"Line.OH_34086401"              0.00116,     0.00     0.00117136
"Line.OH_34085040"              0.04690,     0.04     0.0189407
"Line.UG_20344331"              0.00947,     0.02     0.00167187
"Line.OH_10560492"              0.01791,     0.01     0.00723232
"Line.OH_10558556"              0.00002,      0.0     2.10519E-005
"Line.OH_10549283"              0.00007,      0.0     6.92198E-005
"Line.OH_10548956"              0.00018,      0.0     7.12859E-005
"Line.UG_10525295"              0.00010,      0.0     1.70301E-005
"Line.OH_34097296"              0.00000,      0.0     4.03749E-006
"Line.OH_34086324"              1.43918,     0.09     0.559244
"Line.OH_34085033"              0.00000,      0.0     2.06239E-007
"Line.OH_20122385"              0.00005,      0.0     5.1674E-005
"Line.OH_10559938"              0.02457,     0.01     0.00992401
"Line.OH_10558549"              0.00011,      0.0     0.000115694
"Line.OH_10549269"              0.03922,     0.01     0.0695662
"Line.OH_10548950"              0.00005,      0.0     4.75735E-005
"Line.OH_10523032"              0.00753,     0.02     0.00304257
"Line.OH_34095669"              0.00038,      0.0     0.000152899
"Line.OH_34086310"              0.00039,      0.0     0.000394888
"Line.OH_34084952"              0.05807,     0.01     0.0938475
"Line.OH_20028685"              0.00167,     0.01     0.00169713
"Line.OH_10559591"              0.00017,      0.0     0.000169303
"Line.OH_10558543"              0.00095,     0.00     0.000967726
"Line.OH_10549261"              0.00004,      0.0     4.47781E-005
"Line.OH_10548944"              0.00000,      0.0     0
"Line.OH_34095663"              0.00179,     0.00     0.00316761
"Line.OH_34086304"              0.00817,     0.00     0.00320354
"Line.OH_34084662"              0.02228,     0.02     0.00899992
"Line.OH_10584630"              0.00004,      0.0     3.97298E-005
"Line.OH_10559562"              0.00006,      0.0     6.42541E-005
"Line.OH_10558523"              0.00000,      0.0     3.07262E-007
"Line.OH_10549252"              0.00060,      0.0     0.000605618
"Line.OH_10548938"              0.00089,      0.0     0.000898961
"Line.OH_34095655"              0.00064,      0.0     0.000650292
"Line.OH_34086298"              0.32070,     0.02     0.124618
"Line.OH_34084592"              0.00006,      0.0     5.73611E-005
"Line.OH_10580165"              0.00593,     0.00     0.00575652
"Line.OH_10559506"              0.00000,      0.0     0
"Line.OH_10558516"              0.04599,     0.01     0.213092
"Line.OH_10549246"              0.00001,      0.0     1.09695E-005
"Line.OH_10548931"              0.24884,     0.01     0.391797
"Line.OH_34095644"              0.00150,     0.00     0.00141624
"Line.OH_34086012"              0.01528,     0.03     0.0061705
"Line.UG_34057718"              0.00001,      0.0     1.49879E-006
"Line.OH_10579975"              0.00001,      0.0     6.22686E-006
"Line.OH_10559398"              0.00012,      0.0     0.000122115
"Line.OH_10558509"              0.09621,     0.01     0.460538
"Line.OH_10549239"              0.00011,      0.0     0.000106704
"Line.OH_10548925"              0.00005,      0.0     7.4198E-005
"Line.OH_34095588"              0.00056,      0.0     0.000568442
"Line.OH_34085953"              0.01863,     0.02     0.00752345
"Line.UG_34054977"              0.00000,      0.0     0
"Line.OH_10579842"              0.00009,      0.0     9.31765E-005
"Line.OH_10559390"              0.00017,      0.0     0.000168149
"Line.OH_10558482"              0.00000,      0.0     1.26594E-006
"Line.OH_10549226"              0.14286,     0.01     0.718405
"Line.OH_10548918"              1.81342,     0.04     5.00856
"Line.OH_34085490"              0.11307,     0.01     0.571235
"Line.UG_34054971"              0.00022,      0.0     3.90141E-005
"Line.OH_10579831"              0.00015,      0.0     0.000156087
"Line.OH_10559267"              0.08460,     0.04     0.033189
"Line.OH_10558473"              0.22235,     0.04     0.0860385
"Line.OH_10549220"              0.10433,     0.01     0.52638
"Line.OH_10548912"              1.09648,     0.02     3.0215
"Line.OH_34090753"              2.38634,     0.05     6.59084
"Line.OH_34085462"              0.00002,      0.0     2.35157E-005
"Line.UG_34054965"              0.00003,      0.0     5.97513E-006
"Line.UG_10558646"              0.00040,      0.0     7.05192E-005
"Line.UG_10556739"              0.00025,      0.0     4.39594E-005
"Line.OH_10549018"              0.00021,      0.0     0.000215396
"Line.OH_10548906"              0.01776,     0.01     0.0152894
"Line.OH_34090004"              0.11432,     0.00     0.31498
"Line.OH_34085371"              0.00044,      0.0     0.000450519
"Line.OH_20494026"              0.00030,      0.0     0.000307174
"Line.OH_10579373"              0.00002,      0.0     1.67393E-005
"Line.OH_10558582"              0.00010,      0.0     0.000100909
"Line.OH_10553427"              0.04942,     0.02     0.218961
"Line.OH_10547826"              1.38943,     0.09     0.541029
"Line.OH_34087254"              1.22164,     0.08     0.476929
"Line.OH_34085340"              0.00017,      0.0     0.000175151
"Line.UG_20416460"              0.00000,      0.0     6.47781E-007
"Line.OH_10579071"              0.03013,     0.04     0.0121698
"Line.OH_10558576"              0.02180,     0.02     0.00880575
"Line.OH_10549313"              0.00002,      0.0     2.319E-005
"Line.OH_10548987"              0.00625,     0.01     0.00633734
"Line.OH_10543079"              1.48391,     0.13     0.574208
"Line.OH_34086800"              0.00140,     0.00     0.00141545
"Line.OH_34085264"              0.00451,     0.01     0.00182339
"Line.OH_20396846"              0.01144,     0.01     0.0111591
"Line.OH_10574853"              0.02629,     0.03     0.0103149
"Line.OH_10558569"              0.00000,      0.0     2.93556E-010
"Line.OH_10549303"              0.00001,      0.0     8.47293E-006
"Line.OH_10548981"              0.00013,      0.0     0.000130842
"Line.UG_10540314"              0.00163,     0.00     0.000478798
"Line.OH_40014845"              0.06415,     0.01     0.307617
"Line.OH_34086415"              0.00000,      0.0     2.57897E-009
"Line.OH_34085047"              0.00051,      0.0     0.000515889
"Line.OH_20344372"              0.00020,      0.0     0.000205903
"Line.OH_10573328"              0.00044,      0.0     0.000446749
"Line.OH_10558563"              0.00006,      0.0     5.67974E-005
"Line.OH_10549290"              0.00045,      0.0     0.000460803
"Line.OH_10548967"              0.00001,      0.0     1.10736E-005
"Line.OH_10532582"              0.00000,      0.0     0
"Line.OH_34097397"              0.00256,     0.00     0.0122135
"Line.OH_34086402"              0.00919,     0.00     0.00360583
"Line.OH_34085041"              0.00190,     0.00     0.000768559
"Line.UG_20344332"              0.02377,     0.03     0.00419441
"Line.OH_10560616"              0.00612,     0.01     0.00620559
"Line.OH_10558557"              0.00020,      0.0     0.000202904
"Line.OH_10549284"              0.00010,      0.0     9.69395E-005
"Line.OH_10548957"              0.00001,      0.0     3.74935E-006
"Line.OH_10526702"              0.00003,      0.0     1.3927E-005
"Line.OH_34097297"              0.00027,      0.0     0.000269976
"Line.OH_34086381"              0.00001,      0.0     5.3362E-006
"Line.OH_34085035"              0.02038,     0.00     0.0370877
"Line.OH_20251418"              0.00004,      0.0     4.40404E-005
"Line.OH_10560281"              0.00203,     0.00     0.00205602
"Line.OH_10558550"              0.00012,      0.0     0.000123006
"Line.OH_10548951"              0.00001,      0.0     6.76952E-006
"Line.OH_10523041"              0.00009,      0.0     3.44316E-005
"Line.OH_34096113"              0.00005,      0.0     4.70469E-005
"Line.OH_34086311"              0.00163,     0.00     0.00064128
"Line.OH_34084953"              0.00061,      0.0     0.000615261
"Line.OH_20079696"              0.00029,      0.0     0.000113698
"Line.OH_10559592"              0.00068,      0.0     0.000275527
"Line.OH_10558544"              0.00114,     0.00     0.00115847
"Line.OH_10549262"              0.00001,      0.0     7.49343E-006
"Line.OH_10548945"              0.00005,      0.0     6.72927E-005
"Line.OH_34095664"              0.00059,      0.0     0.000238004
"Line.OH_34086305"              0.07019,     0.03     0.0275338
"Line.OH_34084663"              0.05366,     0.03     0.0216696
"Line.OH_10585091"              0.00083,      0.0     0.000838973
"Line.UG_10559574"              0.00007,      0.0     1.26957E-005
"Line.OH_10558524"              0.00074,      0.0     0.000718909
"Line.OH_10549253"              0.00637,     0.00     0.00257311
"Line.OH_10548939"              0.00002,      0.0     2.00036E-005
"Line.OH_34095658"              0.00580,     0.00     0.0291819
"Line.OH_34086299"              1.05342,     0.07     0.409654
"Line.OH_34084593"              0.00003,      0.0     2.736E-005
"Line.OH_10580377"              0.00000,      0.0     0
"Line.OH_10559507"              0.00193,     0.01     0.000755437
"Line.OH_10558517"              0.02374,     0.00     0.10998
"Line.OH_10549247"              0.00000,      0.0     4.63737E-006
"Line.OH_10548932"              0.04975,     0.00     0.0783349
"Line.OH_34095648"              0.00279,     0.00     0.00112795
"Line.OH_34086013"              0.00747,     0.00     0.0141567
"Line.UG_34057775"              0.00599,     0.01     0.00105737
"Line.OH_10579976"              0.00001,      0.0     8.29956E-006
"Line.OH_10559399"              0.00612,     0.01     0.00620158
"Line.OH_10558510"              0.05485,     0.01     0.262324
"Line.OH_10549240"              0.00001,      0.0     9.97316E-006
"Line.OH_10548926"              0.00029,      0.0     0.000450164
"Line.OH_34095589"              0.01006,     0.00     0.00988378
"Line.OH_34085954"              0.00047,      0.0     0.000191645
"Line.UG_34054978"              0.00026,      0.0     4.66353E-005
"Line.OH_10579843"              0.00003,      0.0     2.79981E-005
"Transformer.10559391-SA"       0.05571,     0.54     0.0954168
"Transformer.10558483-SB"       0.05802,     0.54     0.100571
"Transformer.34092313-SC"       0.01674,     0.61     0.0111024
"Transformer.34085491-SB"       0.11110,     0.58     0.216974
"Transformer.34054972-SC"       0.10775,     1.38     0.0230165
"Transformer.10559275-SA"       0.05856,     0.79     0.0682023
"Transformer.34085468-SC"       0.05635,     0.79     0.0632175
"Transformer.10549020-SC"       0.05415,     0.79     0.058183
"Transformer.10548907-SB"       0.15829,     0.80     0.189338
"Transformer.10555985-SC"       0.13208,     1.00     0.134543
"Transformer.10548988-SB"       0.10956,     0.65     0.241052
"Transformer.10543795-SC"       0.19661,     1.30     0.291507
"Transformer.34086801-SC"       0.03265,     5.39     0.000658713
"Transformer.34085286-SB"       0.09237,     0.62     0.194918
"Transformer.10574854-SC"       0.03605,     0.55     0.064732
"Transformer.10548982-SA"       0.23120,     0.74     0.235574
"Transformer.34086794-SB"       0.02688,     1.89     0.0025097
"Transformer.34085048-SC"       0.14078,     1.41     0.182782
"Transformer.20350796-SB"       0.20976,     0.80     0.249786
"Transformer.10548968-SA"       0.09986,     0.86     0.0668852
"Transformer.10532911-SC"       0.08149,     0.84     0.118319
"Transformer.34097398-SC"       0.14650,     1.01     0.161816
"Transformer.34085042-SA"       0.15363,     0.99     0.122585
"Transformer.20344333-SA"       0.11640,     1.08     0.043342
"Transformer.10560618-SC"       0.12055,     0.99     0.113791
"Transformer.10549285-SB"       0.08107,     0.59     0.164013
"Transformer.10526890-SABC"     0.50456,     0.96     0.438525
"Transformer.34097392-SC"       0.05154,     1.05     0.0310856
"Transformer.34085036-SA"       0.08129,     0.60     0.165684
"Transformer.20251419-SC"       0.12627,     1.11     0.165244
"Transformer.10560337-SB"       0.05266,     1.05     0.0308438
"Transformer.10558551-SA"       0.15568,     1.19     0.217625
"Transformer.10524061-SC"       0.03453,     4.35     0.000811172
"Transformer.34096115-SB"       0.03586,     4.16     0.000921268
"Transformer.34086318-SB"       0.08892,     1.01     0.0972483
"Transformer.34084954-SB"       0.03622,     2.00     0.00646346
"Transformer.10558545-SB"       0.06158,     1.52     0.0213209
"Transformer.10549263-SA"       0.09212,     1.02     0.0618867
"Transformer.34095665-SB"       0.11418,     1.17     0.0481577
"Transformer.34086306-SA"       0.06676,     0.56     0.125452
"Transformer.34084664-SB"       0.12329,     0.94     0.06224
"Transformer.20014991-SC"       0.07047,     3.55     0.00194095
"Transformer.10559587-SC"       0.26685,     0.84     0.382953
"Transformer.10549255-SC"       0.25976,     1.19     0.364081
"Transformer.10548940-SB"       0.09471,     0.76     0.225253
"Transformer.34095659-SC"       0.08541,     1.05     0.0503849
"Transformer.34086300-SC"       0.09789,     1.00     0.0737688
"Transformer.10580378-SB"       0.04733,     1.12     0.0221877
"Transformer.10549248-SC"       0.05872,     1.00     0.0436294
"Transformer.10548933-SABC"     1.09433,     0.91     1.78328
"Transformer.34086016-SB"       0.02217,     1.79     0.00133874
"Transformer.34057797-SC"       0.15088,     0.81     0.131868
"Transformer.10579978-SC"       0.09333,     1.01     0.0663169
"Transformer.10549241-SB"       0.31811,     1.05     0.81641
"Transformer.10548927-SC"       0.03918,     1.76     0.0060553
"Transformer.34095590-SA"       0.09357,     2.43     0.00725979
"Transformer.34054979-SA"       0.13161,     0.86     0.08918
"Transformer.10559392-SA"       0.10964,     0.99     0.0944775
"Transformer.34095281-SA"       0.12952,     1.00     0.130597
"Transformer.10579833-SB"       0.03514,     0.54     0.0373107
"Transformer.10559385-SA"       0.08981,     1.03     0.0586452
"Transformer.34090007-SABC"     0.81832,     1.21     2.14585
"Transformer.34085401-SB"       0.04405,     0.52     0.0618943
"Transformer.34054927-SA"       0.13568,     0.84     0.0979834
"Transformer.10556735-SA"       0.06640,     1.43     0.0165644
"Transformer.10548901-SABC"     0.18402,     3.37     0.00804975
"Transformer.34087256-SB"       0.06044,     1.00     0.046565
"Transformer.20437314-SA"       0.13149,     1.13     0.17505
"Transformer.10579185-SA"       0.19313,     1.30     0.285489
"Transformer.10548989-SB"       0.12958,     0.99     0.125789
"Transformer.34086802-SC"       0.03506,     0.55     0.061715
"Transformer.10549309-SB"       0.09963,     0.56     0.185385
"Transformer.10548983-SA"       0.04284,     0.57     0.0818398
"Transformer.10541616-SC"       0.02186,     0.53     0.0250863
"Transformer.40154810-SA"       0.20747,     1.10     0.536513
"Transformer.34086796-SB"       0.01431,     0.84     0.00427404
"Transformer.34085260-SB"       0.05987,     0.55     0.105633
"Transformer.10558565-SC"       0.15229,     1.18     0.212089
"Transformer.10549286-SB"       0.09481,     0.63     0.201857
"Transformer.10548961-SB"       0.07761,     1.26     0.0736357
"Transformer.10528321-SB"       0.15221,     1.33     0.171483
"Transformer.34097393-SC"       0.08659,     1.25     0.0648681
"Transformer.34086383-SC"       0.10036,     1.00     0.0789325
"Transformer.10560338-SB"       0.18423,     1.06     0.225036
"Transformer.10549276-SA"       0.10711,     0.66     0.236803
"Transformer.10548953-SA"       0.08451,     0.54     0.142038
"Transformer.34096116-SB"       0.06550,     1.62     0.0121534
"Transformer.10559735-SC"       0.01289,     4.27     0.000134186
"Transformer.10548947-SA"       0.05665,     0.53     0.0674611
"Transformer.34086307-SA"       0.03501,     0.55     0.0614559
"Transformer.34084665-SB"       0.14941,     0.63     0.321319
"Transformer.20014992-SA"       0.05464,     0.62     0.115186
"Transformer.10559588-SC"       0.09768,     0.56     0.181499
"Transformer.10549258-SC"       0.16550,     0.99     0.420819
"Transformer.10548941-SC"       0.06123,     0.64     0.133137
"Transformer.34095660-SC"       0.09662,     0.56     0.178491
"Transformer.34086301-SC"       0.26635,     1.21     0.377077
"Transformer.34084602-SC"       0.39879,     1.15     1.03737
"Transformer.34095650-SB"       0.12277,     0.69     0.277987
"Transformer.34057798-SB"       0.18393,     0.79     0.201341
"Transformer.10580150-SABC"     4.92460,     1.03     9.43077
"Transformer.10559407-SA"       0.03711,     0.98     0.0179097
"Transformer.34095591-SC"       0.02274,     1.67     0.00157663
"Transformer.34054980-SA"       0.11176,     1.02     0.0455416
"Transformer.10579845-SC"       0.04796,     1.25     0.0267572
"Transformer.10559393-SA"       0.12893,     1.22     0.136403
"Transformer.34085493-SA"       0.16354,     1.34     0.0718613
"Transformer.34054974-SB"       0.10997,     1.08     0.0382782
"Transformer.10559386-SA"       0.16695,     0.79     0.401517
"Transformer.10558477-SC"       0.02480,     0.52     0.0339704
"Transformer.10549223-SB"       0.14203,     0.63     0.302077
"Transformer.10559057-SA"       0.18793,     1.07     0.234666
"Transformer.10558215-SC"       0.04634,     0.59     0.0926061
"Transformer.34085402-SB"       0.02252,     0.53     0.0260935
"Transformer.34054962-SA"       0.15020,     0.81     0.129892
"Transformer.10556736-SA"       0.07490,     0.82     0.10391
"Transformer.10549013-SB"       0.09283,     0.92     0.0496627
"Transformer.20456673-SC"       0.11952,     0.80     0.113062
"Transformer.10579196-SA"       0.03002,     1.44     0.00542457
"Transformer.10558579-SC"       0.06180,     0.80     0.0758146
"Transformer.10548992-SB"       0.19158,     0.82     0.262231
"Transformer.10545431-SA"       0.11579,     0.99     0.104849
"Transformer.34086805-SC"       0.02917,     0.53     0.0454366
"Transformer.34085312-SA"       0.20758,     1.11     0.270394
"Transformer.20409718-SC"       0.03674,     3.26     0.00155368
"Transformer.10549310-SB"       0.09081,     0.62     0.190875
"Transformer.34086797-SB"       0.04541,     0.53     0.065992
"Transformer.10573495-SC"       0.12842,     0.99     0.12815
"Transformer.10549293-SA"       0.04612,     0.53     0.0685156
"Transformer.10548977-SA"       0.03099,     0.53     0.0490307
"Transformer.34085044-SB"       0.02263,     0.53     0.0266591
"Transformer.10571603-SA"       0.16268,     0.80     0.156295
"Transformer.10549287-SB"       0.11300,     0.99     0.098507
"Transformer.10548962-SB"       0.46654,     1.49     0.731139
"Transformer.10529606-SA"       0.07474,     0.70     0.17111
"Transformer.34097394-SA"       0.40453,     1.42     0.623084
"Transformer.34086384-SC"       0.04875,     1.07     0.0266574
"Transformer.10560401-SB"       0.11727,     1.08     0.147129
"Transformer.10558553-SA"       0.14202,     1.01     0.0996866
"Transformer.10549278-SA"       0.05682,     1.01     0.0404843
"Transformer.10548954-SC"       0.03987,     1.64     0.0072279
"Transformer.34084956-SB"       0.08288,     1.00     0.0862491
"Transformer.10559783-SB"       0.09859,     1.01     0.0708871
"Transformer.10558547-SC"       0.17345,     0.66     0.233373
"Transformer.10548948-SB"       0.05970,    90.89     2.99765E-006
"Transformer.10522508-SB"       0.08605,     1.06     0.0499136
"Transformer.34095667-SC"       0.05629,     0.54     0.096723
"Transformer.34084666-SB"       0.04326,     0.52     0.0588088
"Transformer.10559589-SC"       0.14001,     1.00     0.148858
"Transformer.10549259-SC"       0.11850,     1.09     0.151299
"Transformer.34084616-SA"       0.14462,     0.87     0.0998785
"Transformer.10559558-SA"       0.40734,     0.92     0.734019
"Transformer.10549250-SA"       0.08964,     0.62     0.188156
"Transformer.34095651-SA"       0.03325,     7.25     0.000442811
"Transformer.10559451-SA"       0.09059,     1.18     0.0719538
"Transformer.34054992-SA"       0.14773,     0.81     0.12444
"Transformer.10579847-SB"       0.06679,     0.80     0.0849598
"Transformer.10559394-SA"       0.10683,     0.66     0.236222
"Transformer.34095580-SB"       0.17770,     1.01     0.453712
"Transformer.34085951-SC"       0.12060,     0.99     0.113728
"Transformer.34054975-SB"       0.02200,     1.67     0.00153302
"Transformer.10579840-SC"       0.07185,     0.57     0.139572
"Transformer.10559387-SA"       0.07572,     0.99     0.0743458
"Transformer.34092154-SA"       0.12146,     1.10     0.157002
"Transformer.10559090-SA"       0.17855,     0.99     0.166319
"Transformer.10548910-SB"       0.20213,     1.08     0.256244
"Transformer.34085442-SA"       0.10110,     0.56     0.190935
"Transformer.10579829-SC"       0.07261,     0.69     0.165061
"Transformer.10558586-SA"       0.12541,     0.60     0.257309
"Transformer.10549015-SB"       0.04680,     0.59     0.0932973
"Transformer.34085352-SB"       0.04072,     0.56     0.0761193
"Transformer.20456674-SC"       0.07045,     0.69     0.159562
"Transformer.10579231-SA"       0.06750,     0.67     0.151162
"Transformer.10558580-SC"       0.02355,     0.53     0.0302803
"Transformer.10552942-SA"       0.01883,     0.56     0.0169409
"Transformer.10545502-SA"       0.28415,     0.83     0.441248
"Transformer.34086806-SC"       0.05887,     3.20     0.00258806
"Transformer.10558573-SC"       0.23327,     0.81     0.311791
"Transformer.10548985-SA"       0.13986,     0.95     0.260017
"Transformer.40156536-SA"       0.02173,     1.68     0.00149568
"Transformer.34085262-SB"       0.06244,     0.52     0.0829463
"Transformer.10549294-SC"       0.31516,     0.87     0.780656
"Transformer.10548979-SA"       0.10092,     1.29     0.0307594
"Transformer.10540312-SABC"     4.14052,     0.87     11.891
"Transformer.34086410-SB"       0.02925,     0.85     0.0175903
"Transformer.34085045-SB"       0.03287,    91.79     2.14572E-006
"Transformer.10529607-SA"       0.07798,     1.21     0.0507356
"Transformer.34097395-SA"       0.09267,     0.62     0.196562
"Transformer.34086400-SC"       0.17009,     1.00     0.43369
"Transformer.10560402-SB"       0.16064,     0.96     0.406197
"Transformer.34096668-SA"       0.02630,     0.52     0.0375919
"Transformer.34084957-SA"       0.01406,     0.92     0.00347149
"Transformer.20114730-SABC"     0.81330,     0.75     0.754537
"Transformer.10559784-SB"       0.19998,     0.79     0.229678
"Transformer.10549266-SB"       0.05172,     0.80     0.0520048
"Transformer.34095668-SB"       0.05868,    84.63     3.40206E-006
"Transformer.34086309-SA"       0.08590,     0.74     0.201746
"Transformer.34086303-SC"       0.04914,     0.60     0.100831
"Transformer.34084661-SB"       0.16353,     0.80     0.150193
"Transformer.34095654-SB"       0.15483,     0.79     0.185927
"Transformer.34086019-SA"       0.03304,     1.29     0.00811853
"Transformer.34084591-SB"       0.13332,     0.85     0.192459
"Transformer.10559487-SA"       0.26489,     1.20     0.373799
"Transformer.10549245-SB"       0.04804,     0.53     0.0727083
"Transformer.34095643-SA"       0.07312,     0.99     0.0675235
"Transformer.34055522-SA"       0.17903,     0.79     0.193051
"Transformer.10559396-SA"       0.12685,     0.99     0.125377
"Transformer.10558507-SABC"     0.80334,     0.81     1.20305
"Transformer.10549232-SB"       0.03054,    72.79     2.01687E-006
"Transformer.34095581-SB"       0.08546,     1.06     0.0486634
"Transformer.34085952-SC"       0.13558,     1.00     0.140764
"Transformer.34054976-SA"       0.24719,     0.82     0.342156
"Transformer.10559389-SA"       0.05198,     0.79     0.052903
"Transformer.10558481-SA"       0.02412,     0.81     0.00800662
"Transformer.34092234-SC"       0.06486,     1.07     0.166979
"Transformer.34085489-SC"       0.03577,     0.55     0.0634231
"Transformer.10579830-SC"       0.01881,     0.56     0.0167008
"Transformer.10558471-SC"       0.07714,     0.71     0.177828
"Transformer.10548911-SA"       0.18191,     0.79     0.189116
"Transformer.34090086-SC"       0.16801,     0.79     0.224167
"Transformer.34090003-SC"       0.15029,     0.98     0.28505
"Transformer.20494025-SC"       0.03466,     0.54     0.0370568
"Transformer.10579234-SA"       0.07460,     0.70     0.170713
"Transformer.10558581-SC"       0.04914,     0.60     0.100784
"Transformer.10548994-SC"       0.04416,     0.57     0.0851712
"Transformer.10545682-SA"       0.02271,     1.11     0.00367771
"Transformer.34085321-SA"       0.02847,     0.60     0.0201081
"Transformer.10558575-SC"       0.05283,     1.03     0.0339966
"Transformer.10549312-SB"       0.25986,     1.45     0.404012
"Transformer.10548986-SA"       0.09143,     3.51     0.00331599
"Transformer.10542412-SA"       0.07728,     0.99     0.0776775
"Transformer.34085263-SB"       0.05863,     0.54     0.10215
"Transformer.20396677-SABC"     0.58757,     0.79     0.406602
"Transformer.34085046-SB"       0.10761,     0.83     0.252551
"Transformer.10558562-SC"       0.05905,     0.55     0.104324
"Transformer.10549289-SC"       0.05074,     0.61     0.104834
"Transformer.10548965-SABC"     0.72287,     0.90     1.80952
"Transformer.10529608-SA"       0.01305,     1.68     0.000898592
"Transformer.34097396-SC"       0.11339,     0.67     0.253894
"Transformer.34086401-SC"       0.13445,     1.14     0.180867
"Transformer.34085040-SA"       0.08099,     1.08     0.0429088
"Transformer.20344331-SC"       0.07105,     1.23     0.0258614
"Transformer.10548956-SC"       0.09635,     1.02     0.066183
"Transformer.10525295-SC"       0.09321,     1.01     0.0661029
"Transformer.34086324-SC"       0.19730,     1.09     0.252444
"Transformer.20122385-SC"       0.06568,     1.43     0.0162952
"Transformer.10549269-SC"       0.06574,     0.99     0.0565322
"Transformer.10548950-SB"       0.09481,     1.02     0.106571
"Transformer.10523032-SC"       0.08495,     1.01     0.0912374
"Transformer.34086310-SA"       0.10797,     1.06     0.132682
"Transformer.34084952-SA"       0.14409,     0.85     0.10672
"Transformer.20028685-SB"       0.27242,     0.98     0.691355
"Transformer.10559591-SB"       0.17108,     0.99     0.434885
"Transformer.10549261-SC"       0.08755,     1.04     0.0541982
"Transformer.10558523-SB"       0.03552,     7.48     0.000278484
"Transformer.10548938-SC"       0.25314,     1.03     0.295013
"Transformer.34095655-SC"       0.04434,     0.52     0.0635722
"Transformer.10548931-SA"       0.09058,     0.62     0.190661
"Transformer.34057718-SA"       0.10124,     1.70     0.0127762
"Transformer.10559398-SA"       0.09675,     1.00     0.0715633
"Transformer.10558509-SB"       0.06801,     0.99     0.0591879
"Transformer.10549239-SB"       0.14072,     1.14     0.189916
"Transformer.34095588-SA"       0.17945,     0.99     0.163237
"Transformer.34085953-SC"       0.18837,     1.07     0.235761
"Transformer.10559390-SA"       0.12515,     0.99     0.121614
"Transformer.10549226-SC"       0.11567,     0.99     0.104749
"Transformer.34085490-SC"       0.20006,     0.72     0.463484
"Transformer.34054971-SC"       0.13507,     0.84     0.0971969
"Transformer.10579831-SB"       0.20372,     1.09     0.261653
"Transformer.34090753-SA"       0.04767,     1.12     0.022723
"Transformer.34085462-SB"       0.19410,     1.29     0.285973
"Transformer.34054965-SB"       0.11182,     1.27     0.0284397
"Transformer.10558646-SB"       0.14957,     1.01     0.163816
"Transformer.10556739-SA"       0.06011,     0.55     0.107479
"Transformer.10549018-SC"       0.04919,     0.53     0.0770474
"Transformer.34090004-SABC"     0.67781,     1.32     1.02462
"Transformer.34085371-SB"       0.15959,     0.81     0.139885
"Transformer.20494026-SC"       0.06664,     0.81     0.0856621
"Transformer.10579373-SA"       0.04748,     0.80     0.0440651
"Transformer.10558582-SC"       0.10228,     0.84     0.074516
"Transformer.34087254-SC"       0.08262,     0.60     0.169882
"Transformer.34085340-SC"       0.09174,     0.55     0.165268
"Transformer.20416460-SA"       0.09620,     4.86     0.00140892
"Transformer.10558576-SC"       0.02733,    15.05     4.09934E-005
"Transformer.10549313-SB"       0.04045,     0.86     0.0271812
"Transformer.34086800-SC"       0.08790,     1.04     0.0549357
"Transformer.34085264-SB"       0.04101,     0.52     0.053545
"Transformer.10548981-SA"       0.11416,     0.67     0.254234
"Transformer.10540314-SABC"     0.51610,     0.66     0.266975
"Transformer.34086415-SC"       0.01280,    27.02     3.23727E-006
"Transformer.34085047-SC"       0.04890,     0.60     0.0997431
"Transformer.20344372-SB"       0.22233,     1.13     0.296278
"Transformer.10573328-SC"       0.05650,     1.01     0.0398708
"Transformer.10549290-SB"       0.24148,     1.03     0.277319
"Transformer.34086402-SA"       0.03506,     5.38     0.00053501
"Transformer.34085041-SA"       0.14389,     1.01     0.156162
"Transformer.20344332-SB"       0.13525,     0.85     0.0938059
"Transformer.10560616-SC"       0.06887,     0.81     0.0904093
"Transformer.10558557-SC"       0.12970,     0.87     0.082695
"Transformer.10526702-SB"       0.04690,     0.81     0.0413708
"Transformer.34097297-SA"       0.07429,     0.82     0.102638
"Transformer.34085035-SA"       0.07903,     0.83     0.112661
"Transformer.20251418-SC"       0.03855,     0.53     0.0476943
"Transformer.10560281-SB"       0.22825,     1.13     0.304117
"Transformer.10558550-SA"       0.12942,     1.12     0.170481
"Transformer.34096113-SB"       0.04081,     0.53     0.0526198
"Transformer.34084953-SB"       0.11761,     0.99     0.106799
"Transformer.10559592-SB"       0.13488,     1.00     0.136375
"Transformer.10558544-SB"       0.38445,     1.38     0.58545
"Transformer.10548945-SC"       0.13655,     0.90     0.340623
"Transformer.34084663-SB"       0.22050,     0.80     0.274679
"Transformer.10585091-SC"       0.06542,     0.56     0.121806
"Transformer.10559574-SA"       0.07602,     1.16     0.0327976
"Transformer.10548939-SC"       0.17008,     0.79     0.410047
"Transformer.34095658-SC"       0.07118,     0.99     0.0660723
"Transformer.34086299-SA"       0.09028,     1.03     0.0591593
"Transformer.10559507-SA"       0.25691,     0.95     0.648819
"Transformer.34057775-SA"       0.14494,     0.82     0.118343
"Transformer.34054978-SA"       0.12448,     0.89     0.073543
"Transformer.10579843-SC"       0.04819,     0.80     0.0452312
"Line.RES_SRV_10559391-S-A"     0.04987,     0.49     0.014896
"Line.RES_SRV_10558483-S-B"     0.05257,     0.49     0.0157016
"Line.RES_SRV_34092313-S-C"     0.00346,     0.13     0.00103483
"Line.RES_SRV_34085491-S-B"     0.17023,     0.89     0.0508446
"Line.RES_SRV_34054972-S-C"     0.02825,     0.37     0.00843812
"Line.RES_SRV_10559275-S-A"     0.02537,     0.35     0.00757711
"Line.RES_SRV_34085468-S-C"     0.02351,     0.33     0.00702133
"Line.RES_SRV_10549020-S-C"     0.02163,     0.32     0.00646007
"Line.RES_SRV_10548907-S-B"     0.17610,     0.89     0.0525981
"Line.RES_SRV_10555985-S-C"     0.08156,     0.62     0.0243594
"Line.RES_SRV_10548988-S-B"     0.12617,     0.76     0.0376838
"Line.RES_SRV_10543795-S-C"     0.10644,     0.72     0.0317905
"Line.RES_SRV_34086801-S-C"     0.00015,      0.0     4.58068E-005
"Line.RES_SRV_34085286-S-B"     0.10199,     0.69     0.030464
"Line.RES_SRV_10574854-S-C"     0.02031,     0.31     0.00606486
"Line.RES_SRV_10548982-S-A"     0.43570,     1.41     0.130137
"Line.RES_SRV_34086794-S-B"     0.00090,     0.06     0.000270012
"Line.RES_SRV_34085048-S-C"     0.04691,     0.48     0.0140122
"Line.RES_SRV_20350796-S-B"     0.30975,     1.19     0.0925175
"Line.RES_SRV_10548968-S-A"     0.06193,     0.54     0.0184977
"Line.RES_SRV_10532911-S-C"     0.04408,     0.46     0.0131673
"Line.RES_SRV_34097398-S-C"     0.09816,     0.69     0.0293201
"Line.RES_SRV_34085042-S-A"     0.11121,     0.73     0.0332153
"Line.RES_SRV_20344333-S-A"     0.05354,     0.50     0.0159929
"Line.RES_SRV_10560618-S-C"     0.06893,     0.57     0.0205875
"Line.RES_SRV_10549285-S-B"     0.08580,     0.63     0.0256275
"Line.COM_SRV_10526890-S-A"     0.21602,     0.41     0.0400322
"Line.RES_SRV_34097392-S-C"     0.01125,     0.23     0.00336004
"Line.RES_SRV_34085036-S-A"     0.08668,     0.64     0.0258898
"Line.RES_SRV_20251419-S-C"     0.06025,     0.54     0.0179953
"Line.RES_SRV_10560337-S-B"     0.01116,     0.23     0.00333292
"Line.RES_SRV_10558551-S-A"     0.07940,     0.61     0.0237167
"Line.RES_SRV_10524061-S-C"     0.00027,      0.0     8.17831E-005
"Line.RES_SRV_34096115-S-B"     0.00031,      0.0     9.3232E-005
"Line.RES_SRV_34086318-S-B"     0.03539,     0.41     0.0105714
"Line.RES_SRV_34084954-S-B"     0.00146,     0.08     0.000435652
"Line.RES_SRV_10558545-S-B"     0.00730,     0.18     0.00217961
"Line.RES_SRV_10549263-S-A"     0.03737,     0.42     0.0111607
"Line.RES_SRV_34095665-S-B"     0.04341,     0.45     0.0129647
"Line.RES_SRV_34086306-S-A"     0.06560,     0.56     0.0195944
"Line.RES_SRV_34084664-S-B"     0.07665,     0.59     0.0228954
"Line.RES_SRV_20014991-S-C"     0.00170,     0.09     0.000507498
"Line.RES_SRV_10559587-S-C"     0.47557,     1.50     0.142045
"Line.RES_SRV_10549255-S-C"     0.22141,     1.03     0.066131
"Line.RES_SRV_10548940-S-B"     0.07077,     0.58     0.0211393
"Line.RES_SRV_34095659-S-C"     0.03038,     0.38     0.00907482
"Line.RES_SRV_34086300-S-C"     0.04459,     0.46     0.0133182
"Line.RES_SRV_10580378-S-B"     0.00801,     0.19     0.00239204
"Line.RES_SRV_10549248-S-C"     0.01582,     0.27     0.00472547
"Line.COM_SRV_10548933-S-A"     1.20318,     1.01     0.222763
"Line.RES_SRV_34086016-S-B"     0.00068,      0.0     0.000202934
"Line.RES_SRV_34057797-S-C"     0.16314,     0.88     0.0487282
"Line.RES_SRV_10579978-S-C"     0.04006,     0.44     0.0119661
"Line.RES_SRV_10549241-S-B"     0.42780,     1.42     0.127777
"Line.RES_SRV_10548927-S-C"     0.00215,     0.10     0.000643175
"Line.RES_SRV_34095590-S-A"     0.00637,     0.17     0.00190143
"Line.RES_SRV_34054979-S-A"     0.11011,     0.72     0.0328879
"Line.RES_SRV_10559392-S-A"     0.05718,     0.52     0.0170786
"Line.RES_SRV_34095281-S-A"     0.07916,     0.61     0.0236428
"Line.RES_SRV_10579833-S-B"     0.01945,     0.30     0.00581084
"Line.RES_SRV_10559385-S-A"     0.03540,     0.41     0.0105732
"Line.COM_SRV_34090007-S-A"     0.36624,     0.55     0.067817
"Line.RES_SRV_34085401-S-B"     0.03232,     0.39     0.00965305
"Line.RES_SRV_34054927-S-A"     0.12104,     0.76     0.036153
"Line.RES_SRV_10556735-S-A"     0.00989,     0.22     0.00295377
"Line.COM_SRV_10548901-S-A"     0.00252,     0.05     0.000466653
"Line.RES_SRV_34087256-S-B"     0.01689,     0.28     0.00504516
"Line.RES_SRV_20437314-S-A"     0.06384,     0.55     0.0190666
"Line.RES_SRV_10579185-S-A"     0.10423,     0.71     0.0311329
"Line.RES_SRV_10548989-S-B"     0.07622,     0.59     0.0227642
"Line.RES_SRV_34086802-S-C"     0.01936,     0.30     0.0057816
"Line.RES_SRV_10549309-S-B"     0.14541,     0.82     0.0434307
"Line.RES_SRV_10548983-S-A"     0.02568,     0.34     0.00767024
"Line.RES_SRV_10541616-S-C"     0.00785,     0.19     0.00234511
"Line.RES_SRV_40154810-S-A"     0.16869,     0.91     0.050386
"Line.RES_SRV_34086796-S-B"     0.00133,     0.08     0.000396215
"Line.RES_SRV_34085260-S-B"     0.05522,     0.51     0.0164935
"Line.RES_SRV_10558565-S-C"     0.07738,     0.61     0.0231123
"Line.RES_SRV_10549286-S-B"     0.10563,     0.70     0.0315501
"Line.RES_SRV_10548961-S-B"     0.01702,     0.28     0.00508306
"Line.RES_SRV_10528321-S-B"     0.05957,     0.53     0.0177936
"Line.RES_SRV_34097393-S-C"     0.02242,     0.33     0.00669797
"Line.RES_SRV_34086383-S-C"     0.04773,     0.48     0.0142562
"Line.RES_SRV_10560338-S-B"     0.13665,     0.79     0.0408154
"Line.RES_SRV_10549276-S-A"     0.12395,     0.77     0.0370207
"Line.RES_SRV_10548953-S-A"     0.11135,     0.71     0.0332583
"Line.RES_SRV_34096116-S-B"     0.00722,     0.18     0.00215789
"Line.RES_SRV_10559735-S-C"     0.00004,      0.0     1.16243E-005
"Line.RES_SRV_10548947-S-A"     0.05279,     0.50     0.0157689
"Line.RES_SRV_34086307-S-A"     0.01928,     0.30     0.00575724
"Line.RES_SRV_34084665-S-B"     0.25223,     1.08     0.0753377
"Line.RES_SRV_20014992-S-A"     0.03616,     0.41     0.0108015
"Line.RES_SRV_10559588-S-C"     0.14236,     0.82     0.0425202
"Line.RES_SRV_10549258-S-C"     0.13229,     0.80     0.0395141
"Line.RES_SRV_10548941-S-C"     0.04181,     0.44     0.0124871
"Line.RES_SRV_34095660-S-C"     0.13999,     0.81     0.0418142
"Line.RES_SRV_34086301-S-C"     0.22934,     1.05     0.0684994
"Line.RES_SRV_34084602-S-C"     0.54366,     1.59     0.162382
"Line.RES_SRV_34095650-S-B"     0.14552,     0.82     0.0434658
"Line.RES_SRV_34057798-S-B"     0.25105,     1.09     0.0749843
"Line.COM_SRV_10580150-S-A"     3.06253,     0.65     1.84455
"Line.RES_SRV_10559407-S-A"     0.00665,     0.18     0.0019876
"Line.RES_SRV_34095591-S-C"     0.00080,      0.0     0.000239542
"Line.RES_SRV_34054980-S-A"     0.05598,     0.52     0.0167194
"Line.RES_SRV_10579845-S-C"     0.00680,     0.18     0.00203119
"Line.RES_SRV_10559393-S-A"     0.05238,     0.50     0.0156456
"Line.RES_SRV_34085493-S-A"     0.06829,     0.57     0.0203967
"Line.RES_SRV_34054974-S-B"     0.04698,     0.47     0.0140308
"Line.RES_SRV_10559386-S-A"     0.21028,     1.00     0.0628071
"Line.RES_SRV_10558477-S-C"     0.01064,     0.23     0.00317842
"Line.RES_SRV_10549223-S-B"     0.23711,     1.05     0.0708213
"Line.RES_SRV_10559057-S-A"     0.14253,     0.82     0.0425716
"Line.RES_SRV_10558215-S-C"     0.02907,     0.37     0.00868142
"Line.RES_SRV_34085402-S-B"     0.00817,     0.19     0.00243938
"Line.RES_SRV_34054962-S-A"     0.16069,     0.87     0.047994
"Line.RES_SRV_10556736-S-A"     0.03870,     0.43     0.0115596
"Line.RES_SRV_10549013-S-B"     0.04590,     0.46     0.0137086
"Line.RES_SRV_20456673-S-C"     0.10497,     0.71     0.0313531
"Line.RES_SRV_10579196-S-A"     0.00198,     0.10     0.000591862
"Line.RES_SRV_10558579-S-C"     0.02821,     0.37     0.00842613
"Line.RES_SRV_10548992-S-B"     0.24415,     1.05     0.0729229
"Line.RES_SRV_10545431-S-A"     0.06349,     0.55     0.0189623
"Line.RES_SRV_34086805-S-C"     0.01424,     0.26     0.00425397
"Line.RES_SRV_34085312-S-A"     0.16430,     0.89     0.0490746
"Line.RES_SRV_20409718-S-C"     0.00054,      0.0     0.000160088
"Line.RES_SRV_10549310-S-B"     0.09988,     0.68     0.0298315
"Line.RES_SRV_34086797-S-B"     0.03446,     0.40     0.0102938
"Line.RES_SRV_10573495-S-C"     0.07767,     0.61     0.0231974
"Line.RES_SRV_10549293-S-A"     0.03579,     0.41     0.0106887
"Line.RES_SRV_10548977-S-A"     0.01537,     0.26     0.00459081
"Line.RES_SRV_34085044-S-B"     0.00834,     0.20     0.00249247
"Line.RES_SRV_10571603-S-A"     0.19350,     0.96     0.0577962
"Line.RES_SRV_10549287-S-B"     0.05962,     0.53     0.0178089
"Line.RES_SRV_10548962-S-B"     0.44525,     1.44     0.132989
"Line.RES_SRV_10529606-S-A"     0.05375,     0.51     0.0160539
"Line.RES_SRV_34097394-S-A"     0.37936,     1.35     0.113307
"Line.RES_SRV_34086384-S-C"     0.00964,     0.21     0.00287855
"Line.RES_SRV_10560401-S-B"     0.05362,     0.50     0.0160155
"Line.RES_SRV_10558553-S-A"     0.09032,     0.65     0.0269778
"Line.RES_SRV_10549278-S-A"     0.01467,     0.26     0.00438307
"Line.RES_SRV_10548954-S-C"     0.00258,     0.11     0.000769723
"Line.RES_SRV_34084956-S-B"     0.03138,     0.38     0.00937132
"Line.RES_SRV_10559783-S-B"     0.04283,     0.44     0.0127922
"Line.RES_SRV_10558547-S-C"     0.31778,     1.23     0.0949163
"Line.RES_SRV_10548948-S-B"     0.00000,      0.0     4.82237E-009
"Line.RES_SRV_10522508-S-B"     0.03009,     0.37     0.00898842
"Line.RES_SRV_34095667-S-C"     0.05056,     0.49     0.0151002
"Line.RES_SRV_34084666-S-B"     0.03070,     0.37     0.00917035
"Line.RES_SRV_10559589-S-C"     0.09027,     0.65     0.0269623
"Line.RES_SRV_10549259-S-C"     0.05515,     0.51     0.0164724
"Line.RES_SRV_34084616-S-A"     0.12409,     0.75     0.0370641
"Line.RES_SRV_10559558-S-A"     0.91878,     2.09     0.274423
"Line.RES_SRV_10549250-S-A"     0.09845,     0.68     0.0294062
"Line.COM_SRV_34095651-S-A"     0.00009,      0.0     2.71735E-005
"Line.RES_SRV_10559451-S-A"     0.02754,     0.36     0.00822653
"Line.RES_SRV_34054992-S-A"     0.15391,     0.86     0.0459703
"Line.RES_SRV_10579847-S-B"     0.03162,     0.38     0.00944514
"Line.RES_SRV_10559394-S-A"     0.12364,     0.77     0.0369299
"Line.RES_SRV_34095580-S-B"     0.14264,     0.82     0.0426044
"Line.RES_SRV_34085951-S-C"     0.06889,     0.57     0.0205758
"Line.RES_SRV_34054975-S-B"     0.00078,      0.0     0.000232934
"Line.RES_SRV_10579840-S-C"     0.07300,     0.59     0.0218037
"Line.RES_SRV_10559387-S-A"     0.02703,     0.36     0.00807353
"Line.RES_SRV_34092154-S-A"     0.05724,     0.52     0.0170954
"Line.RES_SRV_10559090-S-A"     0.15110,     0.84     0.045131
"Line.RES_SRV_10548910-S-B"     0.15566,     0.84     0.0464932
"Line.RES_SRV_34085442-S-A"     0.14977,     0.84     0.0447346
"Line.RES_SRV_10579829-S-C"     0.05185,     0.50     0.0154856
"Line.RES_SRV_10558586-S-A"     0.20193,     0.97     0.0603129
"Line.RES_SRV_10549015-S-B"     0.02928,     0.37     0.0087461
"Line.RES_SRV_34085352-S-B"     0.02388,     0.33     0.00713328
"Line.RES_SRV_20456674-S-C"     0.05012,     0.49     0.0149695
"Line.RES_SRV_10579231-S-A"     0.04748,     0.48     0.0141803
"Line.RES_SRV_10558580-S-C"     0.00948,     0.21     0.00283227
"Line.RES_SRV_10552942-S-A"     0.00530,     0.16     0.00158168
"Line.RES_SRV_10545502-S-A"     0.55164,     1.62     0.164766
"Line.RES_SRV_34086806-S-C"     0.00149,     0.08     0.000444992
"Line.RES_SRV_10558573-S-C"     0.38698,     1.36     0.115585
"Line.RES_SRV_10548985-S-A"     0.09767,     0.67     0.0291714
"Line.RES_SRV_40156536-S-A"     0.00076,      0.0     0.000227217
"Line.RES_SRV_34085262-S-B"     0.06495,     0.55     0.0193991
"Line.RES_SRV_10549294-S-C"     0.61340,     1.71     0.183213
"Line.COM_SRV_10548979-S-A"     0.02999,     0.39     0.00895667
"Line.COM_SRV_10540312-S-A"     3.05319,     0.65     1.83892
"Line.RES_SRV_34086410-S-B"     0.00533,     0.16     0.00159071
"Line.RES_SRV_34085045-S-B"     0.00000,      0.0     1.1849E-009
"Line.RES_SRV_10529607-S-A"     0.01938,     0.30     0.00578753
"Line.RES_SRV_34097395-S-A"     0.10286,     0.70     0.0307219
"Line.RES_SRV_34086400-S-C"     0.13634,     0.81     0.0407237
"Line.RES_SRV_10560402-S-B"     0.12769,     0.77     0.0381391
"Line.RES_SRV_34096668-S-A"     0.01178,     0.24     0.003518
"Line.RES_SRV_34084957-S-A"     0.00108,     0.07     0.000321305
"Line.COM_SRV_20114730-S-C"     0.96934,     0.90     0.179464
"Line.RES_SRV_10559784-S-B"     0.28474,     1.14     0.0850468
"Line.RES_SRV_10549266-S-B"     0.01932,     0.30     0.00577122
"Line.RES_SRV_34095668-S-B"     0.00000,      0.0     1.55727E-008
"Line.RES_SRV_34086309-S-A"     0.06338,     0.55     0.0189315
"Line.RES_SRV_34086303-S-C"     0.03165,     0.39     0.00945383
"Line.RES_SRV_34084661-S-B"     0.18588,     0.92     0.0555205
"Line.RES_SRV_34095654-S-B"     0.17399,     0.89     0.0519687
"Line.RES_SRV_34086019-S-A"     0.00299,     0.12     0.000894498
"Line.COM_SRV_34084591-S-B"     0.12508,     0.80     0.0373605
"Line.RES_SRV_10559487-S-A"     0.22734,     1.05     0.0679014
"Line.RES_SRV_10549245-S-B"     0.03798,     0.42     0.0113438
"Line.RES_SRV_34095643-S-A"     0.02454,     0.33     0.00732844
"Line.RES_SRV_34055522-S-A"     0.23922,     1.07     0.0714502
"Line.RES_SRV_10559396-S-A"     0.07598,     0.60     0.0226935
"Line.COM_SRV_10558507-S-A"     0.81602,     0.83     0.151116
"Line.RES_SRV_10549232-S-B"     0.00000,      0.0     1.77932E-008
"Line.RES_SRV_34095581-S-B"     0.02933,     0.37     0.00876166
"Line.RES_SRV_34085952-S-C"     0.08534,     0.64     0.0254905
"Line.RES_SRV_34054976-S-A"     0.42479,     1.43     0.126876
"Line.RES_SRV_10559389-S-A"     0.01978,     0.30     0.00590747
"Line.RES_SRV_10558481-S-A"     0.00415,     0.14     0.00123808
"Line.RES_SRV_34092234-S-C"     0.01750,     0.29     0.00522696
"Line.RES_SRV_34085489-S-C"     0.01989,     0.31     0.00594184
"Line.RES_SRV_10579830-S-C"     0.00522,     0.16     0.00155916
"Line.RES_SRV_10558471-S-C"     0.05586,     0.52     0.016685
"Line.RES_SRV_10548911-S-A"     0.23572,     1.04     0.0704043
"Line.RES_SRV_34090086-S-C"     0.20994,     1.00     0.0627066
"Line.RES_SRV_34090003-S-C"     0.10709,     0.70     0.0319856
"Line.RES_SRV_20494025-S-C"     0.01932,     0.30     0.0057715
"Line.RES_SRV_10579234-S-A"     0.05362,     0.51     0.0160167
"Line.RES_SRV_10558581-S-C"     0.03164,     0.39     0.00944943
"Line.RES_SRV_10548994-S-C"     0.02673,     0.35     0.00798289
"Line.RES_SRV_10545682-S-A"     0.00189,     0.09     0.000565022
"Line.RES_SRV_34085321-S-A"     0.01046,     0.22     0.00312484
"Line.RES_SRV_10558575-S-C"     0.01231,     0.24     0.00367705
"Line.RES_SRV_10549312-S-B"     0.14760,     0.84     0.0440871
"Line.RES_SRV_10548986-S-A"     0.00285,     0.11     0.000849864
"Line.RES_SRV_10542412-S-A"     0.02825,     0.37     0.00843719
"Line.RES_SRV_34085263-S-B"     0.05340,     0.50     0.0159486
"Line.COM_SRV_20396677-S-A"     0.44581,     0.61     0.082568
"Line.RES_SRV_34085046-S-B"     0.07719,     0.60     0.0230566
"Line.RES_SRV_10558562-S-C"     0.05454,     0.51     0.0162891
"Line.RES_SRV_10549289-S-C"     0.03291,     0.40     0.00982963
"Line.COM_SRV_10548965-S-C"     0.51449,     0.64     0.0951984
"Line.RES_SRV_10529608-S-A"     0.00027,      0.0     8.19067E-005
"Line.RES_SRV_34097396-S-C"     0.13290,     0.79     0.0396957
"Line.RES_SRV_34086401-S-C"     0.06596,     0.57     0.0197024
"Line.RES_SRV_34085040-S-A"     0.02585,     0.35     0.00771987
"Line.RES_SRV_20344331-S-C"     0.01551,     0.27     0.00463369
"Line.RES_SRV_10548956-S-C"     0.03997,     0.43     0.0119381
"Line.RES_SRV_10525295-S-C"     0.03993,     0.44     0.0119273
"Line.RES_SRV_34086324-S-C"     0.15337,     0.86     0.0458081
"Line.RES_SRV_20122385-S-C"     0.00973,     0.22     0.00290555
"Line.RES_SRV_10549269-S-C"     0.02053,     0.31     0.00613142
"Line.RES_SRV_10548950-S-B"     0.03880,     0.42     0.011588
"Line.RES_SRV_10523032-S-C"     0.03320,     0.40     0.0099163
"Line.RES_SRV_34086310-S-A"     0.04834,     0.48     0.0144398
"Line.RES_SRV_34084952-S-A"     0.13267,     0.79     0.0396256
"Line.RES_SRV_20028685-S-B"     0.36223,     1.31     0.108193
"Line.RES_SRV_10559591-S-B"     0.13672,     0.80     0.0408348
"Line.RES_SRV_10549261-S-C"     0.03270,     0.39     0.00976631
"Line.RES_SRV_10558523-S-B"     0.00009,      0.0     2.63483E-005
"Line.RES_SRV_10548938-S-C"     0.26859,     1.11     0.0802236
"Line.RES_SRV_34095655-S-C"     0.03320,     0.39     0.00991573
"Line.RES_SRV_10548931-S-A"     0.09977,     0.68     0.0297983
"Line.RES_SRV_34057718-S-A"     0.01547,     0.26     0.00462169
"Line.RES_SRV_10559398-S-A"     0.04325,     0.45     0.0129177
"Line.RES_SRV_10558509-S-B"     0.02149,     0.32     0.00642019
"Line.RES_SRV_10549239-S-B"     0.06927,     0.57     0.0206888
"Line.RES_SRV_34095588-S-A"     0.14827,     0.82     0.0442846
"Line.RES_SRV_34085953-S-C"     0.14320,     0.83     0.0427713
"Line.RES_SRV_10559390-S-A"     0.07369,     0.59     0.0220089
"Line.RES_SRV_10549226-S-C"     0.06343,     0.55     0.0189442
"Line.RES_SRV_34085490-S-C"     0.36400,     1.32     0.108722
"Line.RES_SRV_34054971-S-C"     0.12007,     0.76     0.0358617
"Line.RES_SRV_10579831-S-B"     0.15897,     0.86     0.0474811
"Line.RES_SRV_34090753-S-A"     0.00820,     0.19     0.00245019
"Line.RES_SRV_34085462-S-B"     0.10441,     0.70     0.0311845
"Line.RES_SRV_34054965-S-B"     0.03498,     0.40     0.0104494
"Line.RES_SRV_10558646-S-B"     0.09937,     0.68     0.0296799
"Line.RES_SRV_10556739-S-A"     0.05619,     0.52     0.0167828
"Line.RES_SRV_10549018-S-C"     0.04025,     0.44     0.0120228
"Line.COM_SRV_34090004-S-C"     0.20307,     0.40     0.0375819
"Line.RES_SRV_34085371-S-B"     0.17307,     0.88     0.0516917
"Line.RES_SRV_20494026-S-C"     0.03189,     0.39     0.00952398
"Line.RES_SRV_10579373-S-A"     0.01636,     0.28     0.00488715
"Line.RES_SRV_10558582-S-C"     0.06904,     0.57     0.0206221
"Line.RES_SRV_34087254-S-C"     0.08888,     0.65     0.0265471
"Line.RES_SRV_34085340-S-C"     0.12961,     0.78     0.0387113
"Line.RES_SRV_20416460-S-A"     0.00160,     0.09     0.000478609
"Line.RES_SRV_10558576-S-C"     0.00001,      0.0     3.36591E-006
"Line.RES_SRV_10549313-S-B"     0.01007,     0.22     0.00300696
"Line.RES_SRV_34086800-S-C"     0.03315,     0.40     0.00990014
"Line.RES_SRV_34085264-S-B"     0.02795,     0.36     0.00834786
"Line.RES_SRV_10548981-S-A"     0.13308,     0.78     0.0397476
"Line.COM_SRV_10540314-S-B"     0.50155,     0.64     0.0928903
"Line.RES_SRV_34086415-S-C"     0.00000,      0.0     1.66773E-007
"Line.RES_SRV_34085047-S-C"     0.03131,     0.39     0.00935156
"Line.RES_SRV_20344372-S-B"     0.18007,     0.93     0.0537853
"Line.RES_SRV_10573328-S-C"     0.01445,     0.26     0.00431625
"Line.RES_SRV_10549290-S-B"     0.25244,     1.09     0.0754011
"Line.RES_SRV_34086402-S-A"     0.00018,      0.0     5.28335E-005
"Line.RES_SRV_34085041-S-A"     0.09472,     0.67     0.0282908
"Line.RES_SRV_20344332-S-B"     0.11584,     0.74     0.0346003
"Line.RES_SRV_10560616-S-C"     0.03366,     0.40     0.0100534
"Line.RES_SRV_10558557-S-C"     0.10205,     0.69     0.0304811
"Line.RES_SRV_10526702-S-B"     0.01536,     0.27     0.00458655
"Line.RES_SRV_34097297-S-A"     0.03823,     0.43     0.0114177
"Line.RES_SRV_34085035-S-A"     0.04197,     0.45     0.0125358
"Line.RES_SRV_20251418-S-C"     0.02489,     0.34     0.00743372
"Line.RES_SRV_10560281-S-B"     0.18484,     0.92     0.0552083
"Line.RES_SRV_10558550-S-A"     0.06216,     0.54     0.0185668
"Line.RES_SRV_34096113-S-B"     0.02746,     0.36     0.0082031
"Line.RES_SRV_34084953-S-B"     0.06467,     0.55     0.0193154
"Line.RES_SRV_10559592-S-B"     0.08266,     0.62     0.0246895
"Line.RES_SRV_10558544-S-B"     0.35639,     1.30     0.106447
"Line.RES_SRV_10548945-S-C"     0.10706,     0.71     0.0319783
"Line.RES_SRV_34084663-S-B"     0.34074,     1.25     0.101773
"Line.RES_SRV_10585091-S-C"     0.06369,     0.55     0.0190241
"Line.RES_SRV_10559574-S-A"     0.01971,     0.30     0.00588785
"Line.RES_SRV_10548939-S-C"     0.21475,     1.01     0.0641425
"Line.RES_SRV_34095658-S-C"     0.02401,     0.34     0.00717128
"Line.RES_SRV_34086299-S-A"     0.03571,     0.41     0.0106663
"Line.RES_SRV_10559507-S-A"     0.33993,     1.27     0.101532
"Line.RES_SRV_34057775-S-A"     0.14633,     0.83     0.0437073
"Line.RES_SRV_34054978-S-A"     0.09070,     0.66     0.0270904
"Line.RES_SRV_10579843-S-C"     0.01680,     0.28     0.00501691
"Transformer.10558522-SABC"     0.33738,     0.67     0.766934
"Transformer.10548910-SABC"     0.33080,     0.66     0.743886
"Transformer.10549229-SABC"     0.33673,     0.67     0.764676
"Transformer.10549221-SABC"     0.33710,     0.67     0.765978
"Transformer.10549217-SABC"     0.33727,     0.67     0.766574
"Transformer.10549276-SABC"     0.33806,     0.67     0.769322
"Transformer.34085038-SABC"     0.33815,     0.67     0.769632
"Transformer.10558471-SABC"     0.33955,     0.67     0.774464
"Transformer.34090753-SABC"     0.33453,     0.66     0.756999
"Transformer.34092155-SABC"     0.33088,     0.66     0.744158
"Transformer.34084952-SABC"     0.33773,     0.67     0.768162
"Transformer.34085341-SABC"     0.33790,     0.67     0.768754
"Transformer.34085489-SABC"     0.33694,     0.67     0.765422
"Transformer.10548928-SABC"     0.33641,     0.67     0.763569
"Transformer.10558513-SABC"     0.33706,     0.67     0.765829
"Transformer.10553426-SABC"     0.33728,     0.67     0.766577
"Transformer.10544883-SABC"     0.33745,     0.67     0.767179

LINE LOSSES=                       128.5 kW
TRANSFORMER LOSSES=                 72.3 kW

TOTAL LOSSES=                      200.8 kW

TOTAL LOAD POWER =                4649.9 kW
Percent Losses for Circuit =      4.32 %
